22 5500 0.2428046672121879 2.8205944595386003 53.73376623376623
22 5500 2.1065129159437626 3.717722837508347
22 5500 2.1040649105053584 3.8432919147366746
22 5500 2.1727660588302244 4.495368125975891
22 5500 2.261411313764976 4.866801671901869
22 5500 2.1092597048168797 3.7143303531907446
22 5500 2.400025212845794 5.321541138068264
22 5500 2.293052616772621 4.982900111123773
22 5500 2.2962887781417987 4.8169071677233015
22 5500 2.097118924252643 3.846475921140821
22 5500 2.098961123863951 3.7426557275561807
22 5500 2.091358524899067 3.960531670748028
22 5500 2.109262516599028 3.667319803682065
22 5500 2.106421292339539 3.6979724046071074
22 5500 2.113378620478021 3.6486158334126437
22 5500 2.1528194109079304 3.4411566207321864
22 5500 2.111893627539019 3.836567835939803
22 5500 2.123926059443565 3.6564040014652077
10 5500 2.1037247868717213 3.7870859778284363
30 5500 2.136854192990258 3.7573031445628753
30 5500 2.1179812673708565 3.615257688334769
22 3000 2.1134392518571676 3.7260339840838905
22 3000 2.111005781769199 3.6723631772415564
22 3000 2.1813166173119662 3.697673875637668
22 3000 2.230684830736573 3.9575171018117623
22 3000 2.160493936235233 3.699770261091655
22 3000 2.155557965915231 3.5715670229080945
22 3000 2.2261745257670404 3.590299107667665
22 3000 2.2033336255030562 3.7880370063817144
22 5500 2.2028666579591247 3.573195469328091
22 5500 2.1949002606389367 3.6002382905179964
22 1000 2.1807508092949317 3.8406668889000994
35 1000 2.1741267285792083 3.5782441269029324
55 1000 2.1566972208647095 3.5608441408552967
75 1000 2.1810864870004845 3.7614016733935003
22 8000 2.1868670697882644 3.7399366336631092
10 8000 2.1376011386670686 3.718385171596764
10 1000 2.2060656987008027 3.77932710669565
100 1000 2.1884877015855526 3.756308740833089
10 100 2.222345869790598 3.466393138098227
10 100 2.268006482568894 3.9160605225771077
10 100 2.1957043747436766 4.014675581316994
10 100 2.3755555246136226 4.458672552288927
10 100 2.2242735399471734 3.6134244812457714
10 100 2.2645077799159234 4.03762705342832
10 100 2.210714183864968 3.6800698946193706
10 100 2.172191946117051 3.616902766061931
10 100 2.1634301360942256 3.7198050813155152
10 100 2.199603754424063 3.8721708799904593
10 100 2.267894776720783 3.5794987787225336
10 50 2.1209559476582505 4.049931736552876
10 500 2.195839403560256 3.8288629971163632
10 500 2.1376011386670686 3.718385171596764
100 5000 2.1397003512856734 3.838627416406564
22 5500 2.2075540467390447 3.355974550723328
22 5500 2.1562396922651317 3.498235972417186
22 5500 2.181168024595125 3.340337874882107
22 5500 2.181168024595125 3.340337874882107
22 5500 2.181168024595125 3.340337874882107
