22 5500 0.2428046672121879 2.8205944595386003 53.73376623376623
22 5500 2.072323173471564 3.3249820204280547
22 5500 2.182529178323731 3.4985126343527657
22 5500 2.175399120645972 3.473460564757178
22 5500 2.089399298413917 3.4587050509332506
22 5500 2.1261019188448294 3.29723160326146
22 5500 2.1261019188448294 3.29723160326146
22 5500 2.1261019188448294 3.29723160326146
22 5500 121.81666676447459 3.29723160326146
22 5500 2.1261019188448294 3.29723160326146
22 5500 121.81666676447459 3.29723160326146
