22 5500 0.2428046672121879 2.8205944595386003 53.73376623376623
22 5500 2.1031080390095855 3.493836599156514
22 5500 2.128621713960466 3.70204073056262
22 5500 2.1285862379499534 3.6001017095860797
22 5500 2.1135496590392933 3.90936001092748
22 5500 2.089664384534748 3.8086831045517466
22 5500 2.1730724390909004 3.533389035940719
22 5500 2.178783389659238 3.6695040780870984
22 5500 2.166163197106773 3.6227656306684777
22 5500 2.1949194333801696 3.6699651457994564
22 5500 2.2195467445314927 3.7249369961588616
22 5500 2.156429143474975 3.736647951477468
22 5500 2.2077823826098033 3.7560453856509057
22 5500 2.192187072682753 3.8466152894940024
22 5500 2.174163560760744 3.6357437482147446
22 5500 2.2055998050970675 3.688008157524783
22 5500 2.1806335286547807 3.468735655777603
22 5500 2.195773620595762 3.5880025615475946
22 5500 2.195773620595762 3.5880025615475946
22 5500 2.195773620595762 3.5880025615475946
22 5500 16.62068349935737 3.5880025615475946
22 5500 2.195773620595762 3.5880025615475946
22 5500 125.80856122629726 3.5880025615475946
22 5500 2.195773620595762 3.5880025615475946
22 5500 125.80856122629726 3.5880025615475946
22 5500 2.195773620595762 3.5880025615475946
22 5500 125.80856122629726 3.5880025615475946
